1511452324 1922
1511452714 2126
1511452840 2127
1511460246 29427
1511460313 35957
1511460344 35957
1511460391 35957
1511460407 35957
1511460475 35988
1511460529 36005
1511460544 35987
1511460607 35990
1511460910 35998
1511460959 35998
1511463154 35998
1511463285 35998
1512056929 35953
1512338040 35959
1512339442 35959
1512397547 35962
1512402530 36246
1512402691 37006
1512402809 37003
1512404044 35952
1512852010 37173
1512852091 37449
1512864641 37591
1512866688 35454
1512868553 35988
1512868582 36182
1512868687 36213
1512868725 37848
1512868932 37848
1512869084 38142
1512932185 38311
1512932201 37257
1512932255 37258
1513023705 37308
1513023746 37211
1513023772 37250
1513023837 37251
1513024222 37307
1513094732 37464
1513157076 48825
1513157381 49032
1513157555 49032
1513157805 49033
1513158495 49060
1513193361 49773
1513292935 51564
1513455158 51879
1513533713 51880
1513618578 52195
1513618666 52195
1513620796 51966
1513633411 52206
1513701152 52326
1513701731 53301
1513707105 52162
1513708082 44626
1513708268 44908
1513709729 44944
1513721006 67718
1513767609 68371
1513870371 70816
1513870519 70813
1513870557 70809
1513870636 70807
1513878942 70807
1513879154 70807
1513879168 70807
1513879527 70807
1513879600 70798
1513879797 70798
1513879817 70787
1513879973 71610
1514381759 71718
1514381765 72360
1514410176 72194
1514410527 72219
1514412479 72246
1514414662 143548
1514415780 143675
1514417600 143681
1514460015 143686
1514494165 143730
1514494780 75550
1514499436 75658
1514504702 75673
1514534102 75682
1514535610 75673
1514804936 75678
1514820846 75683
1514835848 75683
1515001766 75688
1515020168 75745
1515094180 76005
1515098283 76010
1515101929 76017
1515119902 61546
1518523434 61547
1518524470 63849
1518539039 63968
1518539616 63973
1518549757 63978
