1517854279 775
1517857463 1184
1517858700 1192
1517858733 1193
1517858885 1201
1517865701 1235
1517888613 1319
1517889052 1257
1517889144 1258
1517896489 1275
1517897374 1275
1518675236 1275
1518675269 1277
1518675313 1281
1518675962 1279
1518676079 1292
1518676127 1302
1518676309 1306
1518676365 1306
1518676442 1306
1518679815 1308
1518679836 1308
1518680562 1315
1518680707 1315
1518682784 1320
1518683989 1321
1518684167 1323
1518684346 1327
1518774888 1336
1523467594 1345
1523468118 1358
1523468269 1361
1523470744 1368
1523471241 1373
1523471844 1375
1523473553 1379
1524678945 1404
1524678967 1410
1524679063 1408
1524680429 1607
1524680904 1616
1524682294 1631
1524726000 1693
1524728071 14743
1524728298 14743
1524728984 14743
1524729279 14743
1525277330 14739
1525280583 14742
1525280609 14762
1525281451 14763
1525282094 14763
1526014618 14768
1526014644 14770
1526015522 14768
1526016392 14767
1526016740 14767
1526017255 14767
1526017976 14767
1526046767 14776
1526286548 14779
1527601956 14883
1527601991 14890
1527602107 14870
1528094335 14878
1528094496 14974
1528094844 14973
1528134289 14706
1528134315 14720
1529483776 14801
1529483866 14827
1540893903 14846
1540893946 14846
1541605693 14846
1541613671 14856
1541623631 14880
1541623990 14880
1541629001 14901
1541697212 14905
1541697279 14905
1541697558 14913
1541699851 14931
1541703578 14959
1541716062 14965
1541887339 15309
1541923365 15309
1541923791 15330
1542148382 15334
1542149051 15290
1542149929 15311
1542150071 15311
1549554211 15519
1549554225 15585
1549561178 15572
1549564069 15593
1549569621 15646
1549734098 15676
1549741076 15834
1549747164 15859
1549750964 16037
1549753907 15985
1549792814 16017
1549793514 16135
1549801889 16309
1549840480 16336
1549841551 16340
1549884545 15809
1549890012 15641
1549894357 15642
1549899336 15716
1549901228 15826
1549902275 15834
1549908471 15939
1549987055 15967
1549987283 15945
1549997743 15871
1550055576 15889
1550057142 15905
1550062275 15978
1550079969 16002
1550089485 16113
1550140683 16127
1550145965 16223
1550146811 16224
1550148268 16246
1550148320 16228
1551020920 16243
1551285145 16248
1551350130 16267
1551608847 16325
1551613365 16331
1551613901 16331
1551614326 16332
1551621824 16338
1551709388 16470
1551721431 16496
1551733248 16584
1551734459 16577
1551799171 16646
1551801637 16666
1551802061 16669
1551802192 16655
1551812671 3531
1551812845 3529
1551814988 3543
1551815036 3541
1551815777 3539
1551815922 3541
